DP,P,S,SumWij,T,h,id,mdot,mu,rho,w_perim,x,y,z
0,33544.902824287,9.8330946698987e-06,0,628.15,803575.92728354,0,0.027395001750338,0.00030134227647172,865.51026802107,0,0,0.00904,0
915.33108057202,32629.571743715,9.8330946698987e-06,4.6293511889272e-05,628.14994325577,803575.92737873,0.016,0.027348708236415,0.00030134231087936,865.5102809461,0,0,0.00904,0.016
896.26991465636,31733.301829059,9.8330946698987e-06,9.0113332207395e-05,628.1499432554,803575.92737826,0.032,0.027258594902174,0.00030134231087958,865.51028094618,0,0,0.00904,0.032
876.43414225875,30856.8676868,9.8330946698987e-06,0.00013050362877886,628.14994325503,803575.92737779,0.048,0.027128091271362,0.0003013423108798,865.51028094627,0,0,0.00904,0.048
3026.9015513634,27829.966135437,9.8330946698987e-06,0.00016855934982739,628.14994325466,803575.92737731,0.064,0.026959531919501,0.00030134231088003,865.51028094635,0,0,0.00904,0.064
834.58159504834,31041.352517521,9.8330946698987e-06,0.00020287664779025,628.14994325429,803575.92737684,0.08,0.026756655269677,0.00030134231088025,865.51028094644,0,0,0.00904,0.08
811.41446872519,30229.938048796,9.8330946698987e-06,0.00023910378202066,628.14994325392,803575.92737636,0.096,0.026517551485623,0.00030134231088048,865.51028094652,0,0,0.00904,0.096
784.77023053399,29445.167818262,9.8330946698987e-06,0.00028105565459292,628.14994325354,803575.92737588,0.112,0.026236495828996,0.00030134231088071,865.51028094661,0,0,0.00904,0.112
754.30969245863,28690.858125803,9.8330946698987e-06,0.00032948110401459,628.14994325317,803575.9273754,0.128,0.025907014722948,0.00030134231088093,865.51028094669,0,0,0.00904,0.128
720.7022135296,27970.155912274,9.8330946698987e-06,0.00038237971790199,628.14994325279,803575.92737492,0.144,0.025524635003013,0.00030134231088116,865.51028094678,0,0,0.00904,0.144
685.99277442571,31358.802487852,9.8330946698987e-06,0.00043410980349227,628.14994325388,803575.92737632,0.16,0.025090525197487,0.0003013423108805,865.51028094653,0,0,0.00904,0.16
818.12663992905,30540.675847923,9.8330946698987e-06,-9.4820740244547e-12,628.14994435638,803575.9287873,0.176,0.025090525204974,0.00030134231021198,865.51028069541,0,0,0.00904,0.176
818.12864032231,29722.547207601,9.8330946698987e-06,-2.4838535042747e-12,628.15088507882,803577.13175028,0.192,0.025090525239097,0.00030134173979346,865.51006642038,0,0,0.00904,0.192
819.53515426,28903.012053341,9.8330946698987e-06,-1.0913482239015e-12,628.81015511575,804420.14034651,0.208,0.025090548898148,0.00030094265832535,865.35989499608,0,0,0.00904,0.208
2702.5216324539,26200.490420887,9.8330946698987e-06,-1.0145790213806e-12,630.12326713994,806099.21669185,0.224,0.025090619619866,0.00030015177782031,865.0607599638,0,0,0.00904,0.224
820.77735142205,29464.864916776,9.8330946698987e-06,-9.634516345876e-13,631.42928093355,807769.21652973,0.24,0.025090737156338,0.00029937040809965,864.7632041682,0,0,0.00904,0.24
820.67378598508,28644.191130791,9.8330946698987e-06,-9.0326148719414e-13,632.7282605298,809430.22173945,0.256,0.025090901260872,0.00029859837595781,864.4672136319,0,0,0.00904,0.256
820.57431039146,27823.616820399,9.8330946698987e-06,-8.0865551059272e-13,634.02022539524,811082.25721289,0.272,0.025091111687611,0.00029783553810358,864.17278452392,0,0,0.00904,0.272
820.47896673709,27003.137853662,9.8330946698987e-06,-7.2984004867052e-13,635.30521055774,812725.36774018,0.288,0.025091368192107,0.00029708174505462,863.87990946083,0,0,0.00904,0.288
820.38768117698,26182.750172485,9.8330946698987e-06,-6.5917735882479e-13,636.58325094616,814359.59798486,0.304,0.025091670531051,0.00029633685045525,863.58858107455,0,0,0.00904,0.304
820.30041433659,25094.26111206,9.8330946698987e-06,-6.0185927198984e-13,637.85434681698,815984.94827487,0.32,0.025092018462358,0.00029560073095467,863.29879989485,0,0,0.00904,0.32
820.21875218819,24274.042359872,9.8330946698987e-06,1.1353211876057e-13,639.1193607802,817601.55226886,0.336,0.025092411770014,0.00029487277093017,863.01036981491,0,0,0.00904,0.336
820.13982371836,23453.902536153,9.8330946698987e-06,1.4004780967365e-13,640.37776080004,819209.40997421,0.352,0.025092850224472,0.00029415316450554,862.72341267395,0,0,0.00904,0.352
820.06427649388,22633.83825966,9.8330946698987e-06,1.5251543448228e-13,641.62935061178,820808.56627667,0.368,0.025093333586886,0.00029344191008886,862.43797378663,0,0,0.00904,0.368
819.9925816167,21813.845678043,9.8330946698987e-06,1.5481508875737e-13,642.87416483446,822399.06540899,0.384,0.025093861619559,0.00029273887550322,862.15404582116,0,0,0.00904,0.384
819.92457969301,20778.695158782,9.8330946698987e-06,1.4146394102065e-13,644.11218311012,823980.8813598,0.4,0.025094434083964,0.00029204396196851,861.8716339808,0,0,0.00904,0.4
819.8605915728,19958.834567209,9.8330946698987e-06,2.5888398598979e-12,645.34355043085,825554.1993855,0.416,0.025095050744206,0.00029135698055701,861.59070574222,0,0,0.00904,0.416
819.8002155306,19139.034351679,9.8330946698987e-06,2.5365234255439e-12,646.56824564342,827118.99245859,0.432,0.025095711368546,0.00029067783819039,861.31126647503,0,0,0.00904,0.432
819.74353732789,18319.290814351,9.8330946698987e-06,2.4493076469822e-12,647.78630387003,828675.30545474,0.448,0.025096415723943,0.00029000641255331,861.03330870551,0,0,0.00904,0.448
819.69195073089,17499.59886362,9.8330946698987e-06,2.34439373361e-12,648.99842158814,830223.17984157,0.464,0.025097163602262,0.00028934222239389,860.75667400708,0,0,0.00904,0.464
819.6429575023,16507.19427416,9.8330946698987e-06,2.2045659063921e-12,650.20417537014,831762.56569505,0.48,0.025097954780083,0.00028868540551771,860.48145951037,0,0,0.00904,0.48
819.59724080505,15687.597033355,9.8330946698987e-06,6.6436055959672e-12,651.40346179702,833293.69467626,0.496,0.025098789025567,0.00028803592323931,860.20768933354,0,0,0.00904,0.496
819.55491342976,14868.042119925,9.8330946698987e-06,5.6973909381551e-12,652.59624053985,834816.51529722,0.512,0.025099666115364,0.00028739370344334,859.93537319845,0,0,0.00904,0.512
819.51610214123,14048.526017784,9.8330946698987e-06,4.6172805207975e-12,653.78254512348,836331.07035915,0.528,0.025100585821971,0.00028675863581439,859.66450396435,0,0,0.00904,0.528
819.48077153281,13229.045246251,9.8330946698987e-06,3.4002355474066e-12,654.96240879036,837837.40230266,0.544,0.025101547919008,0.00028613061228443,859.39507454871,0,0,0.00904,0.544
819.44868951077,12341.609974795,9.8330946698987e-06,2.0267751119741e-12,656.13577454382,839335.4383601,0.56,0.025102552177959,0.00028550957445647,859.12709847296,0,0,0.00904,0.56
819.42041848749,11522.189556307,9.8330946698987e-06,-1.2207917230936e-11,657.30285424567,840825.44901545,0.576,0.025103598390561,0.0002848953237571,858.86052784872,0,0,0.00904,0.576
819.39178650068,10702.797769806,9.8330946698987e-06,-1.1119052414976e-11,658.46196831447,842305.0091756,0.592,0.02510468625994,0.00028428865287997,858.59574685712,0,0,0.00904,0.592
816.50152372627,9886.2962460801,9.8330946698987e-06,-9.9838988177992e-12,658.29829945773,842096.20044817,0.608,0.025105768245748,0.00028437411218965,858.63313617828,0,0,0.00904,0.608
816.56425045736,9069.7319956227,9.8330946698987e-06,-8.8419231252106e-12,658.13552431366,841888.51889125,0.624,0.025106844380198,0.0002844591711353,858.67032074836,0,0,0.00904,0.624
816.62666605322,8183.498159014,9.8330946698987e-06,-7.6429746876323e-12,657.9736443369,841681.84672492,0.64,0.025107914695473,0.00028454382794252,858.70730024471,0,0,0.00904,0.64
816.68892976385,7366.8092292502,9.8330946698987e-06,-1.8688739442619e-12,657.81273206651,841476.41002931,0.656,0.025108979221863,0.00028462804362083,858.74405810666,0,0,0.00904,0.656
816.7506773864,6550.0585518638,9.8330946698987e-06,5.4362379629609e-13,657.65269297643,841272.08812301,0.672,0.025110037994216,0.00028471186660355,858.780615937,0,0,0.00904,0.672
816.81211103103,5733.2464408327,9.8330946698987e-06,2.437721560204e-12,657.49352268553,841068.87541262,0.688,0.025111091044361,0.00028479529821048,858.81697474577,0,0,0.00904,0.688
816.87323254519,4916.3732082875,9.8330946698987e-06,3.6050275580981e-12,657.33521650395,840866.76591059,0.704,0.025112138404169,0.00028487833993386,858.85313561339,0,0,0.00904,0.704
816.93385737415,4085.5721675137,9.8330946698987e-06,3.6355898348641e-12,657.17768484288,840665.6452389,0.72,0.025113180102679,0.00028496103786223,858.88911901266,0,0,0.00904,0.72
816.99456113093,3268.5776063828,9.8330946698987e-06,-2.3845378694197e-11,657.02109295634,840465.72437737,0.736,0.025114216201286,0.00028504330429543,858.92488720519,0,0,0.00904,0.736
817.05475689906,2451.5228494837,9.8330946698987e-06,-1.8340648443639e-11,656.8653515356,840266.8893055,0.752,0.025115246697642,0.00028512518516251,858.96046059987,0,0,0.00904,0.752
817.11464558573,1634.408203898,9.8330946698987e-06,-1.3471879345649e-11,656.71045569653,840069.13378775,0.768,0.025116271622853,0.00028520668210063,858.99584032104,0,0,0.00904,0.768
817.17422975463,817.23397414335,9.8330946698987e-06,-9.1465196040573e-12,656.55640091125,839872.45204339,0.784,0.025117291007769,0.00028528779657028,859.03102741158,0,0,0.00904,0.784
817.23397414335,0,9.8330946698987e-06,-4.852736043037e-12,656.40339547968,839677.1100089,0.8,0.025118304890212,0.00028536841785831,859.06597430412,0,0,0.00904,0.8
